-0.13237321570204488 -0.2058085799892723 0.7072501523748823 0.36961920431849193 1.9542307818533062
0.4208005086818435 0.3312349578512629 0.8093629756628032 0.19471780252544219 0.5114008495436306
0.7602297577964602 0.4085019362015216 -0.0575791004702713 0.2237550548595379 0.309829576764803
0.5663511872390021 0.7614396633955517 0.7102506752340096 0.4411124106015937 1.9231663115006716
0.3875660543013534 -0.1773326372115733 0.5970115066393705 0.44850116556622227 0.3101542621895733
0.14476633559252158 0.4946284894270229 0.7526230935934917 0.301759663031809 1.130058669631961
0.4003816995210722 0.07890014766493836 0.45051211035212724 0.5462624097810103 0.5024361250191949
0.39777050822389576 -0.2602960786804836 0.023299706831224423 -0.09129604042016062 1.4444787692340264
0.6748594811617193 0.17360785609826762 0.15975059630650437 0.20926602208656714 0.5318921350751686
0.10361122672762382 -0.07832254481304605 0.4239249207056222 0.007982414855105854 1.2553093128584798
0.23583845324001124 0.1984382203609017 0.5470301663000281 0.26262880831358226 0.5827025932706634
-0.18644664297844302 0.07636072629989063 0.059253842719823764 0.4815575017736884 0.5827470923763022
0.3149589683964483 0.1530011476174555 0.4088326237568024 0.5927755617090973 0.4763129957130977
0.31622852609432484 0.30418282341394903 0.7847104955758658 -0.06182403185687596 0.6771725928319202
0.7093389663671719 0.9391132858404775 0.5338374236846435 0.282484850843008 0.44765848682006415
0.11151726559863454 0.14755517789857786 1.0127490345369035 0.20429210227084899 0.25444933145238646
0.22069436646433016 -0.15528891517831034 0.4094462909193134 0.014212450407843802 1.5753144984812388
0.5523932222260272 -0.33189729372499344 0.7432173825527126 0.2130749237554353 0.6599136196154534
0.7130314173063355 0.520282447530702 1.235490585471644 0.30218777458374657 0.43377938935664057
0.44819975390901345 -0.605300607118312 0.140725081808041 0.48400197068195144 1.4844873132495193
0.3011382844190026 0.35852722892403266 0.1535519883472919 -0.27892606058126185 0.38290966742120497
0.21888623841424643 0.08976380260161101 0.5010102210701299 0.5047646186527992 0.46928986229127073
0.6453255308983945 0.2542747194871396 1.1673852985939435 0.28779425844738343 2.00559016350268
0.21552933254463563 0.27336022487815637 -0.013088594971731551 0.3824094078389726 0.878765146082591
0.3163483846419661 0.689283034603541 -0.01702873087069255 -0.14388395851278452 0.28204263976190996
0.668841055247243 0.43699162211020465 0.8986510545678345 0.5454081220848203 0.5542848283912575
-0.021696043431207047 0.03637131525632842 0.9335675483249253 0.20298538686613185 0.24492152989197127
0.41253292434115385 0.2070303851891409 0.9476134973996697 0.37261887916245734 0.3332796974694938
0.46205547575577555 0.5730392840617269 0.399075597757371 -0.24916218581944577 0.29376648738818045
0.15695340958501022 0.08305652024205593 0.7215264907415598 0.286117383407868 0.3866446394086784
0.004286299246148494 0.06151325701134269 0.6793096045954645 0.43463727214575665 1.5485149667702625
0.5120068371563258 -0.14989734657839887 0.24496121079239244 -0.24128267109540769 0.5768273166677436
0.16040861521646257 0.5257250922789548 0.8010689830062305 0.17640504281976177 0.6278878480828146
-0.2326682361937606 -0.3634506705503706 0.24046416486116415 -0.034257576176649984 0.37182517119846675
0.49906523957008503 0.527779094989006 0.7797259628375798 0.2580030966924294 0.6473298224699667
0.044119334922524386 0.08824025244618697 0.6619972497179929 0.9993825880022394 0.28948762855762483
1.0720639599892943 0.27169003294695915 0.47356812152288147 0.32982656749218703 0.3958237433419439
0.3642458791020186 0.6579848103186762 0.36795099992905334 0.005897810246893315 0.40988661354855266
0.24974971978686938 0.1975878922722393 0.10569583133583636 -0.02234862403647718 2.1293518833031198
1.2249640536768867 0.33426266696148743 -0.04960651098575619 0.5794014418502338 2.861263107529759
0.6809565249285946 0.5308089793254593 0.35280028274073116 -0.41496901432451483 0.16212438769047155
0.38377459279822684 -0.5197594053091864 0.5080404996248563 0.41706449842495985 2.197004839694766
0.9310794941369056 0.3816935531832356 0.09501471884636471 -0.4858282757871156 0.04717498336920093
0.8163964034301455 0.07556890093430976 0.24752278692678453 0.027729987607509495 1.7822626982549126
0.1788355933031391 0.2724969155596693 0.20717682926466446 0.006634588814218523 1.043817699163307
-0.09073149589919888 -0.016269920095234355 0.5173096213311239 0.12277366828114664 0.3901089670875851
0.986208783676488 0.2720208393341237 1.031870214307664 0.26784218217248734 0.5142355988516623
0.7234434088714624 0.5716082291264809 0.10035152224200362 0.28243312690852207 0.38814796613648095
0.15204262794056472 -0.13266938519972146 0.3155056134750862 0.1599201076644212 1.2309187334068763
0.9588398878535405 0.4057136436442703 0.020198815196932812 -0.2320249979052384 0.13534023393840852
0.5274061457015077 0.46282013022754254 0.40448942403441995 0.6520554885359157 0.9477287056103849
-0.047292596714678975 0.23547526451032175 0.4303960379915445 -0.009606591790936508 0.6629747567726341
0.5053475970964855 0.48621616810658413 0.10467045600493008 -0.15967187193062643 0.3172518780338452
0.9957755543138235 0.37006063336885786 0.7721296466974978 0.261995880589981 1.8084283860133155
0.07301015962402041 -0.19119254333020771 0.07481777744624334 0.5546644285876875 0.474802658055923
0.9415764408438451 0.6359856179087298 0.41773935713280114 -0.23185533368831832 0.11465600652137599
0.5782635594233335 0.394066235834194 0.4447486236246481 0.5543755246862967 1.4550692302921293
0.4932541813614474 0.46516657682076284 0.11868700655780218 0.09802234855545075 0.32601305345321424
0.3478570730210764 0.4510274935729456 1.147273062513043 0.37894397094556465 0.41665369463887997
0.12475422038051594 0.11371313753394767 1.1483245027058488 0.2128715086898244 1.9755110123605142
0.8688954185446306 0.8480227519366267 0.8399111211692621 0.3274803959567843 1.2901822403900924
0.9770493036201726 0.09926254430550113 0.5824665904603864 0.6060971325364171 1.3792297550340247
0.3498115976502411 -0.3595759787054065 1.1547884215434743 0.326841750021615 0.12240475574542835
0.07178464728590683 0.6560409928212716 0.48512100032026584 0.7205717830587514 0.5283800342260739
0.2176017782130984 0.5202318879560839 0.5128120764187422 0.5428510411527886 0.7449702444858143
0.8085885298226295 0.18969111729099308 1.071788787833658 0.41488948227904004 0.39285150149612946
0.3434731952399391 -0.054550820232239755 0.7959037363478645 -0.08325357292637206 0.36754464469578657
0.7576067236372432 0.21780344385683284 0.6626949994028706 0.6292377486526939 0.5424724924503093
0.4996560807149742 -0.017236854389927597 0.8297021372492748 0.48492663153767274 0.2620232036184138
0.6210114156020092 0.37503236047238697 0.842338481005823 0.263814154901067 0.5362756776108735
0.4046348526331582 0.6428497010590393 0.07175704458340997 0.35491952444381786 1.1774671671783572
0.17436677542314422 0.2461843354388465 0.8993965036281986 0.6135331941241411 0.2390665682388041
-0.03966233411568789 0.16621522178689208 0.6572636485286829 0.4280692976545297 0.29223400667670596
0.8038505966055276 0.8544270465364973 0.41229762806020925 0.5233066537157214 0.40969659835868266
1.0130031333649403 0.4679597738298295 0.14467522690987708 0.27410612821970953 0.3253471901982556
1.0529033793948113 0.1468774508536014 1.1476940981610737 0.3872986788716026 2.7979649844206502
0.6044087434481041 0.5180016065343908 0.5554681850537326 0.76705723214294 1.9933514113108413
0.7941962536029765 0.7183154281098458 0.8010722939671767 0.4636931497557854 0.5962451033638206
1.1570172029142776 0.34015732106313623 0.7592892885741861 0.04254782486963396 0.36597161503389325
0.3719790914776899 0.6036627896999504 0.9715734408404649 0.4837345489139764 0.48572119698100913
0.5727977302199878 0.4777260348474133 0.8743646012388349 0.3699736928200903 1.6734608866568386
0.9374448767009911 0.9024743596171223 0.9303099871921899 0.527571516979409 1.3385304396524558
